data/input variables/bio1.asc
NCOLS 54 
NROWS 42 
XLLCORNER 3 
YLLCORNER 50.5 
CELLSIZE 0.0833333333333333 
NODATA_value -3.4e+38 
[rows 21 to 41 of 42, columns 0 to 46 of 54]
-3.4e+38 -3.4e+38 -3.4e+38 -3.4e+38 -3.4e+38 -3.4e+38 -3.4e+38 -3.4e+38 -3.4e+38 -3.4e+38 -3.4e+38 -3.4e+38 -3.4e+38 -3.4e+38 -3.4e+38 -3.4e+38 9.66130924224854 9.76778316497803 9.74362468719482 9.67083358764648 9.59375 9.55412483215332 9.56366634368896 9.56662464141846 9.56783294677734 9.48654174804688 9.49783325195312 9.49091625213623 9.54870796203613 9.55366706848145 9.48954200744629 9.46791648864746 9.35745811462402 9.36254119873047 9.20658302307129 9.59179210662842 9.71991634368896 9.76095867156982 9.74333381652832 9.58570861816406 9.52637481689453 9.479416847229 9.44279193878174 9.42229175567627 9.38508319854736 9.45524978637695 9.47112464904785
-3.4e+38 -3.4e+38 -3.4e+38 -3.4e+38 -3.4e+38 -3.4e+38 -3.4e+38 -3.4e+38 -3.4e+38 -3.4e+38 -3.4e+38 -3.4e+38 -3.4e+38 -3.4e+38 9.87916660308838 9.90222263336182 9.74583339691162 9.6850004196167 9.61554145812988 9.63779163360596 9.59970855712891 9.51241683959961 9.50616645812988 9.56108283996582 9.78183364868164 9.8077917098999 9.59741687774658 9.48379135131836 9.47054195404053 9.54199981689453 9.51991653442383 9.52887535095215 9.45025062561035 9.41812515258789 9.25995826721191 9.29370880126953 9.50012493133545 9.68133354187012 9.7023754119873 9.61770820617676 9.54129123687744 9.49674987792969 9.49045848846436 9.47283267974854 9.40183353424072 9.36104202270508 9.34708309173584
-3.4e+38 -3.4e+38 -3.4e+38 -3.4e+38 -3.4e+38 -3.4e+38 -3.4e+38 -3.4e+38 -3.4e+38 -3.4e+38 -3.4e+38 -3.4e+38 -3.4e+38 9.63437461853027 9.54825496673584 9.7507495880127 9.80733299255371 9.60695838928223 9.62908363342285 9.65487480163574 9.72879123687744 9.58829212188721 9.52583312988281 9.56320858001709 9.76599979400635 9.85795879364014 9.71041679382324 9.60770797729492 9.5538330078125 9.59158325195312 9.76220798492432 9.78625011444092 9.56020832061768 9.5022087097168 9.4555835723877 9.39700031280518 9.47216701507568 9.72754192352295 9.69674968719482 9.68904209136963 9.61483287811279 9.54295825958252 9.53533363342285 9.49712467193604 9.45483303070068 9.45779132843018 9.43662452697754
-3.4e+38 -3.4e+38 -3.4e+38 -3.4e+38 -3.4e+38 -3.4e+38 -3.4e+38 -3.4e+38 -3.4e+38 -3.4e+38 -3.4e+38 10.060417175293 10.1595153808594 9.99139213562012 9.79808330535889 9.69020843505859 9.85949993133545 9.91616630554199 9.89895820617676 9.76804161071777 9.62116622924805 9.60612487792969 9.59683322906494 9.56841659545898 9.57649993896484 9.60370826721191 9.62683296203613 9.61570835113525 9.61600017547607 9.64541721343994 9.64420890808105 9.6780834197998 9.63191699981689 9.62916660308838 9.75370788574219 9.84875011444092 9.80595874786377 9.73079204559326 9.69129180908203 9.76475048065186 9.694167137146 9.63608360290527 9.62433338165283 9.59087467193604 9.58812522888184 9.56329154968262 9.59091663360596
-3.4e+38 -3.4e+38 -3.4e+38 -3.4e+38 -3.4e+38 -3.4e+38 -3.4e+38 -3.4e+38 -3.4e+38 -3.4e+38 -3.4e+38 10.0076389312744 9.85347270965576 9.88904190063477 9.90241622924805 10.0055837631226 10.0789585113525 10.0649166107178 10.0387916564941 9.9397087097168 9.7877082824707 9.64479160308838 9.61295795440674 9.65995788574219 9.63150024414062 9.62879180908203 9.62454128265381 9.66004180908203 9.67091655731201 9.75258350372314 9.70129203796387 9.69466686248779 9.71620845794678 9.82533359527588 9.85566711425781 9.7770414352417 9.78045845031738 9.776291847229 9.71804141998291 9.78037548065186 9.77658367156982 9.73170852661133 9.70845794677734 9.71091651916504 9.67020797729492 9.67875003814697 9.73591709136963
-3.4e+38 -3.4e+38 -3.4e+38 -3.4e+38 -3.4e+38 -3.4e+38 -3.4e+38 -3.4e+38 -3.4e+38 -3.4e+38 10.0948925018311 10.0554714202881 9.9733419418335 9.96958351135254 9.85974979400635 9.82733345031738 9.87466716766357 9.86016654968262 9.89183330535889 10.0349998474121 9.99641704559326 9.85529136657715 9.80387496948242 9.75491619110107 9.73154163360596 9.72974967956543 9.71212482452393 9.75604152679443 9.7767915725708 9.75008296966553 9.8035831451416 9.72258281707764 9.78241634368896 9.854416847229 9.72912502288818 9.63370800018311 9.66579151153564 9.75008296966553 9.81962490081787 9.8754997253418 9.87616634368896 9.8677921295166 9.84687519073486 9.83095836639404 9.7879581451416 9.80550003051758 9.80104160308838
-3.4e+38 -3.4e+38 -3.4e+38 -3.4e+38 -3.4e+38 -3.4e+38 -3.4e+38 -3.4e+38 10.1949996948242 10.2538003921509 10.1825828552246 10.1294164657593 10.0124578475952 10.0269994735718 9.9868745803833 9.95058345794678 9.92004203796387 9.91149997711182 9.95691680908203 9.98529148101807 9.9151668548584 9.90520858764648 9.8680419921875 9.76187515258789 9.81558322906494 9.8105411529541 9.79137516021729 9.92641639709473 9.90066623687744 9.79079151153564 9.80291652679443 9.71262550354004 9.72137546539307 9.7703332901001 9.8370418548584 9.80841636657715 9.76120853424072 9.7770414352417 9.76320838928223 9.80991649627686 9.94266700744629 10.0839996337891 10.0252914428711 10.0136251449585 9.96045875549316 9.93241691589355 9.95816707611084
-3.4e+38 -3.4e+38 -3.4e+38 -3.4e+38 -3.4e+38 -3.4e+38 10.330207824707 10.331018447876 10.2601451873779 10.2345418930054 10.1946668624878 10.1608333587646 10.1275005340576 10.1245832443237 10.0757083892822 10.0050001144409 10.0482082366943 10.0647916793823 10.1056251525879 10.0504579544067 9.97645854949951 10.0121669769287 9.95604133605957 9.84804153442383 9.88125038146973 9.79720783233643 9.79941654205322 9.87775039672852 9.86670875549316 9.83800029754639 9.87733364105225 9.87958335876465 9.78466701507568 9.75437545776367 9.79529190063477 9.88187503814697 9.88875007629395 9.90925025939941 9.94762516021729 9.94662475585938 9.92541694641113 10.0892086029053 10.2434997558594 10.3351249694824 10.2650003433228 10.1057920455933 10.0580835342407
-3.4e+38 -3.4e+38 -3.4e+38 -3.4e+38 -3.4e+38 10.3013563156128 10.3960084915161 10.4662504196167 10.4017496109009 10.3049163818359 10.3431253433228 10.2438335418701 10.1892080307007 10.1242914199829 10.1955413818359 10.2571249008179 10.1547079086304 10.2355003356934 10.0955419540405 10.0317077636719 10.0442914962769 10.023458480835 9.85504150390625 9.81537532806396 9.90045833587646 9.86154174804688 9.833083152771 9.84475040435791 9.88300037384033 9.92316627502441 9.89345836639404 9.9084587097168 9.85783290863037 9.77958297729492 9.78229141235352 9.85920810699463 9.95641708374023 9.96704196929932 9.98891639709473 10.0667915344238 10.1175003051758 10.1246252059937 10.3453330993652 10.5474166870117 10.6618337631226 10.58762550354 10.4145002365112
-3.4e+38 -3.4e+38 -3.4e+38 -3.4e+38 -3.4e+38 10.4208335876465 10.3986663818359 10.504545211792 10.4334440231323 10.3289995193481 10.341625213623 10.2809209823608 10.2660217285156 10.2738332748413 10.2201662063599 10.283332824707 10.1526250839233 10.1805830001831 10.1452083587646 10.1299161911011 10.0884580612183 10.0199165344238 9.92095851898193 9.87754154205322 9.86341667175293 9.84804153442383 9.86287498474121 9.84487533569336 9.93283271789551 10.117166519165 9.98562526702881 9.89945888519287 9.9290828704834 9.87583351135254 9.82324981689453 9.82879161834717 9.92475032806396 10.0732078552246 10.0474996566772 10.0539999008179 10.1317501068115 10.2259578704834 10.4514169692993 10.7580413818359 10.9415416717529 10.7950830459595 10.608416557312
-3.4e+38 -3.4e+38 10.3650636672974 10.3256940841675 10.291241645813 10.3321762084961 10.3615083694458 10.3740911483765 10.4094696044922 10.3836803436279 10.3289413452148 10.2936782836914 10.3247880935669 10.2819728851318 10.3234233856201 10.4538745880127 10.2854166030884 10.2423334121704 10.2359580993652 10.1762504577637 10.1310005187988 10.1032085418701 10.0666666030884 10.0424585342407 9.97200012207031 9.9660005569458 9.97437477111816 9.93962478637695 9.92295837402344 9.94725036621094 9.84962463378906 9.8219165802002 9.8499584197998 9.84437465667725 9.8444995880127 9.87608337402344 9.98929119110107 10.2297496795654 10.1020002365112 10.0327920913696 10.203332901001 10.3390417098999 10.4902086257935 10.7869167327881 10.887749671936 10.5635833740234 10.237250328064
10.0902442932129 10.1597576141357 10.3130893707275 10.2630414962769 10.2810831069946 10.3250417709351 10.3270835876465 10.3457088470459 10.3873748779297 10.4969997406006 10.4458751678467 10.3423337936401 10.3524580001831 10.3510417938232 10.4319162368774 10.6410827636719 10.6105003356934 10.4662504196167 10.3107500076294 10.1992921829224 10.2085838317871 10.1912088394165 10.2299585342407 10.2553749084473 10.1802921295166 10.1520004272461 9.99716663360596 9.92675018310547 9.92812442779541 9.87212467193604 9.87483310699463 9.87145805358887 9.91300010681152 9.90999984741211 9.9055004119873 9.96491622924805 10.0565004348755 10.0337915420532 10.0215835571289 10.067458152771 10.2110834121704 10.3294582366943 10.5122499465942 10.5933752059937 10.6029586791992 10.5161247253418 10.0856666564941
10.1144580841064 10.1407918930054 10.3571662902832 10.2589168548584 10.2426252365112 10.2996664047241 10.3421669006348 10.3572912216187 10.4049997329712 10.5640830993652 10.4114580154419 10.3604583740234 10.3488750457764 10.3530416488647 10.3610830307007 10.4341249465942 10.648458480835 10.5562496185303 10.3210000991821 10.2874584197998 10.30162525177 10.3222503662109 10.3495836257935 10.358208656311 10.3470001220703 10.3729162216187 10.2101669311523 10.0633754730225 9.94658279418945 9.91812515258789 9.85949993133545 9.89050006866455 9.93225002288818 9.95316696166992 10.0441246032715 10.1705827713013 10.1566667556763 9.859375 9.93341636657715 10.0238332748413 10.1240835189819 10.4219999313354 10.4305830001831 10.469916343689 10.6118755340576 10.6175413131714 10.3804168701172
10.0679168701172 10.1004161834717 10.202374458313 10.201000213623 10.2381248474121 10.2885417938232 10.3301248550415 10.4320421218872 10.5756664276123 10.644624710083 10.4444999694824 10.4166250228882 10.3931665420532 10.3793745040894 10.4095420837402 10.3931255340576 10.4406671524048 10.3049163818359 10.2769165039062 10.3203754425049 10.3638334274292 10.438666343689 10.5005416870117 10.5600414276123 10.5300416946411 10.4671669006348 10.2786664962769 10.0844163894653 9.89579200744629 9.81287479400635 9.81045818328857 9.85904216766357 9.94379138946533 10.0822086334229 10.1918334960938 10.1231250762939 10.0780830383301 10.0005416870117 9.86104202270508 9.99262523651123 10.0718336105347 10.2426252365112 10.2507915496826 10.2642917633057 10.371000289917 10.5042495727539 10.543083190918
10.0914583206177 10.1529998779297 10.1355419158936 10.1792087554932 10.2437086105347 10.3365421295166 10.3985414505005 10.5140838623047 10.7329168319702 10.6571664810181 10.5065002441406 10.4856662750244 10.4961252212524 10.4750003814697 10.4150829315186 10.391375541687 10.4202919006348 10.3999996185303 10.2915000915527 10.289083480835 10.4195413589478 10.492374420166 10.5206251144409 10.5607080459595 10.6364164352417 10.6447086334229 10.5147495269775 10.2545833587646 10.0363750457764 9.83895874023438 9.80166625976562 9.77204132080078 9.97987461090088 10.1266250610352 10.1389169692993 9.94225025177002 9.9104585647583 10.0620002746582 10.0834579467773 9.96058368682861 9.90562534332275 10.0188331604004 10.2988748550415 10.0974168777466 10.156457901001 10.4370002746582 10.6389579772949
10.1024169921875 10.2647085189819 10.3373746871948 10.3154582977295 10.3879585266113 10.4447498321533 10.4682502746582 10.5705003738403 10.5477914810181 10.4165420532227 10.3927917480469 10.4045000076294 10.5304164886475 10.3743753433228 10.2578754425049 10.2632913589478 10.4216251373291 10.4871253967285 10.3225412368774 10.3064584732056 10.4494171142578 10.4455413818359 10.45787525177 10.5011253356934 10.5698747634888 10.6083745956421 10.5101661682129 10.4170827865601 10.3312501907349 10.1040000915527 9.92441654205322 9.84916687011719 10.1648750305176 10.0277080535889 9.97749996185303 10.0601253509521 9.98733329772949 9.89429187774658 9.91616630554199 10.0325002670288 10.0561666488647 10.0267496109009 10.3605003356934 10.3079586029053 10.1190004348755 10.3715000152588 10.6648330688477
10.0723333358765 10.2160835266113 10.3789167404175 10.51087474823 10.503041267395 10.4250001907349 10.3079586029053 10.5182914733887 10.3672494888306 10.2328329086304 10.1638336181641 10.2184162139893 10.3920831680298 10.3106250762939 10.2177495956421 10.4331245422363 10.6842079162598 10.3989582061768 10.1314163208008 10.1334161758423 10.3617496490479 10.2688751220703 10.3315420150757 10.454083442688 10.5209999084473 10.548999786377 10.4116249084473 10.3123750686646 10.1802921295166 10.0751667022705 9.97737503051758 10.0241250991821 10.306583404541 9.81704139709473 9.79108333587646 9.83787441253662 9.90466690063477 9.84979152679443 9.81487464904785 10.0041246414185 10.1490411758423 10.21262550354 10.2102918624878 10.1502084732056 10.2445001602173 10.2359170913696 10.4642086029053
10.221791267395 10.3547496795654 10.4134168624878 10.3349161148071 10.3190832138062 10.3406248092651 10.2829580307007 10.2068328857422 10.0522499084473 10.1560831069946 10.2575836181641 10.238208770752 10.2228746414185 10.171875 10.2365837097168 10.4661254882812 10.2227916717529 9.97712516784668 9.98204135894775 10.0933332443237 10.0112495422363 10.0145835876465 10.2569169998169 10.4611663818359 10.4419584274292 10.3726663589478 10.2924585342407 10.1703329086304 9.99208354949951 9.89491653442383 9.82091617584229 9.90287494659424 10.1370000839233 9.65208339691162 9.56424999237061 9.60124969482422 9.59070873260498 9.81629180908203 9.6007080078125 9.59441661834717 9.54650020599365 9.98920822143555 9.95041656494141 9.94274997711182 10.0018329620361 10.1589584350586 10.0587501525879
10.2802505493164 10.3942089080811 10.4879999160767 10.3347082138062 10.3245000839233 10.27512550354 10.2360000610352 10.1154584884644 10.0917501449585 10.1844167709351 10.2142496109009 10.1445417404175 10.1747913360596 10.152458190918 10.2960004806519 10.208833694458 10.081000328064 10.0179586410522 10.0836668014526 10.1000413894653 9.92720794677734 9.83450031280518 10.0559997558594 10.196249961853 10.1446666717529 10.0226669311523 9.95158290863037 9.90075016021729 9.75625038146973 9.67216682434082 9.70349979400635 10.0044584274292 9.89920806884766 9.50012493133545 9.28758335113525 9.36691665649414 9.24499988555908 9.14804172515869 8.98229217529297 8.57958316802979 8.64333343505859 9.28299999237061 9.49016666412354 9.81375026702881 9.8566255569458 9.95962524414062 9.93458366394043
10.5174999237061 10.5446662902832 10.2987499237061 10.2157917022705 10.3301668167114 10.2669162750244 10.106333732605 10.0960836410522 10.0605001449585 10.1089162826538 10.0472087860107 9.96416664123535 10.029333114624 10.0723752975464 10.0805416107178 9.99895858764648 9.91266632080078 9.94250011444092 9.97579193115234 9.87887477874756 9.71700000762939 9.71570873260498 9.80737495422363 9.86216640472412 9.83341693878174 9.80808353424072 9.74408340454102 9.59774971008301 9.57004165649414 9.7832498550415 10.0878753662109 10.0713329315186 9.41512489318848 9.20158290863037 9.29358291625977 9.18220806121826 8.94925022125244 8.34958362579346 7.81375026702881 7.65354156494141 8.31120872497559 8.6230001449585 8.72633361816406 9.33325004577637 9.39616680145264 9.59445858001709 9.50650024414062
10.2632083892822 10.2550830841064 10.1491661071777 10.11412525177 10.1792087554932 10.2785415649414 10.1537504196167 10.1066255569458 9.99674987792969 9.9379997253418 9.9241247177124 9.92333316802979 9.95191669464111 9.94954204559326 10.028374671936 9.99075031280518 9.88508319854736 9.89845848083496 9.86462497711182 9.78495788574219 9.75929164886475 9.65916633605957 9.65158367156982 9.65570831298828 9.61412525177002 9.77766704559326 9.89099979400635 9.6961669921875 9.53120803833008 9.32208347320557 9.42920875549316 9.37754154205322 9.30608367919922 9.27145862579346 9.09812545776367 8.71212482452393 7.83054161071777 7.33349990844727 7.38966655731201 7.50925016403198 7.63854169845581 7.9582085609436 8.10579204559326 8.26841640472412 8.43491649627686 8.39750003814697 8.4211254119873
