data/input variables/population.asc
NCOLS 54 
NROWS 42 
XLLCORNER 3 
YLLCORNER 50.5 
CELLSIZE 0.0833333333333333 
NODATA_value -9999 
[rows 21 to 41 of 42, columns 0 to 47 of 54]
-9999 -9999 -9999 -9999 -9999 -9999 -9999 -9999 -9999 -9999 -9999 -9999 -9999 -9999 -9999 -2087.4677760028 -1633.96638862731 -1577.21509978045 -1148.72419898029 -568.753192228607 -569.88654268401 -635.781164499591 -535.766937690586 -410.330185047284 -521.543796705575 -958.473968182079 -1166.74193962275 -784.732973347906 -882.892429654566 -548.28771895205 -301.886735627568 -268.532706175075 -295.06598126155 -379.149117717079 -413.964223297287 -414.955327557304 -327.439977555597 -428.790707138607 -597.235924420594 -303.002121294058 -151.961400746433 -125.938355285631 -188.042757605809 -255.190999998016 -432.468590541862 -840.686402779711 -869.514673066806 -564.767597230798
-9999 -9999 -9999 -9999 -9999 -9999 -9999 -9999 -9999 -9999 -9999 -9999 -9999 -9999 -5594.55849282305 -3958.83114288917 -1635.07109695243 -2237.89154814331 -1350.89056484549 -623.307105476055 -688.892618602 -450.231626338186 -409.20112497663 -442.493581413173 -1405.50161039318 -1758.94308473514 -1031.60480405932 -990.65691205609 -951.421263051752 -583.193103709989 -340.625061629663 -293.844221034983 -291.680840872361 -324.905785598499 -435.605355101024 -442.167777389024 -365.191736750161 -337.633630389858 -378.357261995339 -251.280135594516 -148.655666658643 -138.461616212104 -168.328294510502 -200.230140284234 -229.036242870552 -336.279608155664 -387.839764107254 -304.277527865246
-9999 -9999 -9999 -9999 -9999 -9999 -9999 -9999 -9999 -9999 -9999 -9999 -2375.96232842895 -2469.85631319709 -3517.72319784583 -3734.98118224282 -2324.20203734644 -1386.40748332506 -999.186787818785 -795.242225750577 -926.140339082295 -493.565440159164 -322.370788891495 -383.680174297754 -1368.64872399025 -1829.44025114067 -799.523252248295 -636.493883562941 -376.076037240975 -363.712994922381 -666.847185195101 -506.657915887101 -423.780765299315 -502.600689756849 -838.232088702518 -650.374584398177 -431.555409727053 -343.777944793151 -261.582321760202 -242.202180368559 -202.130905245102 -149.767134398441 -196.238536363881 -244.32956654297 -204.540455392297 -225.749212590757 -240.175537633287 -241.98338393866
-9999 -9999 -9999 -9999 -9999 -9999 -9999 -9999 -9999 -9999 -9999 -1965.85759017166 -1772.88061731213 -1548.4681943422 -1646.72616501206 -1743.9205531412 -2565.57879806064 -1855.48736293675 -1816.32349371462 -1364.24480239978 -676.577045792407 -394.139754761639 -260.852786068361 -230.360848687268 -452.771569915325 -591.013220019023 -488.482207009611 -351.089054953216 -309.73618958987 -320.452886724008 -547.726454316725 -536.466692744937 -417.918060725203 -489.525884405808 -912.394867159378 -826.031246465908 -577.26578312154 -444.2773315679 -299.564394766705 -372.655034265067 -377.191547320746 -244.285882074039 -248.253363194786 -244.526484490456 -215.647257329468 -225.357413872502 -240.098449853251 -242
-9999 -9999 -9999 -9999 -9999 -9999 -9999 -9999 -9999 -9999 -144 -250.824714456376 -582.146313413425 -831.517599340862 -996.309822211935 -1622.202428185 -2119.6804054237 -1566.42141389872 -1657.0899483125 -1565.77328717276 -888.209608604967 -516.420060417648 -369.544108722334 -450.371516791165 -340.930971578338 -282.744688080136 -281.408867301337 -276.088180930461 -359.304198764272 -314.16427378948 -309.270223147889 -411.737669828744 -459.384898901206 -1071.84429668857 -1050.84070205057 -488.65478709099 -398.209672244026 -326.429629369202 -260.271632706329 -292.162765489704 -320.892148968826 -299.295778963239 -274.806803502327 -239.455089557324 -235.022909989978 -237.668259462923 -241.701385274727 -248.341557808816
-9999 -9999 -9999 -9999 -9999 -9999 -9999 -101 -101 -67.702613052053 -134.006836110883 -133.87617269431 -184.907654411527 -369.597422327871 -343.865410296903 -451.085006285661 -663.580267092908 -494.01642378974 -510.504755867529 -1065.36172502664 -1118.79025797498 -664.005454886137 -384.267032053179 -364.207437676159 -287.055108641455 -205.354301115801 -293.035757687785 -399.621593356396 -334.835152699864 -404.488744643504 -621.797838295141 -396.634679540502 -445.347445798241 -1078.91090160537 -840.719303365172 -363.604164050008 -255.349732662619 -239.419589016934 -235.027052989604 -236.124606163772 -245.323302013089 -254.032539254701 -353.434816000737 -357.182809948479 -318.491219190673 -272.145925491957 -300.217726850636 -509.687660446178
-9999 -9999 -9999 -9999 -9999 -9999 -144.993502274203 -108.04090659751 -101.222977184378 -96.0062542398895 -77.0483864672778 -101.867914761422 -148.778419104894 -216.294455534589 -189.026336184094 -139.640793088324 -155.845817563283 -205.152961853602 -209.17176948066 -339.408119154354 -369.45310019027 -314.522510120304 -422.660288579698 -343.866509912015 -593.877829227467 -529.521261311586 -719.001007162184 -1230.51428575124 -865.079862970933 -422.876974493327 -394.780376996215 -310.649929703567 -265.633308175776 -302.396165075584 -374.554232631553 -330.362853768607 -264.033222222581 -233.246702924747 -233.998934715808 -236.569883405944 -323.306126163016 -367.359256322429 -441.646176093023 -447 -446.383458918171 -431.058076102181 -509.841397973375 -788.923963134645
-9999 -9999 -9999 -9999 -9999 -248.868602819053 -151.053565478481 -111.295497700518 -95.4485685973509 -95.9182143090637 -204.622161136985 -214.336722275889 -168.639252658307 -177.739237560533 -163.897413635926 -170.231955015792 -152.552049095541 -244.021526748452 -353.052029613452 -441.722392917352 -756.001369451657 -863.460912043407 -661.839599153993 -782.728125452706 -901.567672720717 -672.709715972184 -377.914984628267 -532.277494904401 -480.29237147203 -397.793368687875 -415.588739099821 -443.987527121314 -373.120568041295 -152.793925842738 -178.813553049383 -232.021533259026 -172.983963383793 -196.130088856325 -231.453379225306 -266.823079891278 -386.449947898545 -434.241704151191 -446.860073435482 -464.863930034515 -512.885159034588 -612.806061483339 -877.915419072902 -1112.07987268801
-9999 -9999 -9999 -9999 -343.636599105836 -262.399905996296 -287.866173912651 -397.351914692666 -225.615823630489 -184.942891094347 -194.959238270063 -236.439407823184 -179.418122896874 -162.275035910489 -294.200362394708 -509.99759122175 -314.120345037461 -670.692677491205 -446.977294412041 -426.30156846495 -751.40720321281 -725.840644227442 -347.650252875491 -607.114667862162 -1210.10465969939 -722.876464459598 -356.40566706653 -360.467098855845 -495.584339589937 -626.913218956255 -524.418486398402 -539.992003064863 -388.575597607071 -186.917056277985 -196.52999636202 -207.612209656837 -188.88434734092 -175.880389828616 -214.491379881972 -237.231253576837 -277.058752117584 -332.642917610662 -445.375046463563 -648.719047325568 -1194.60709881749 -1772.77381095457 -1857.00513220929 -1656.70833634418
-9999 -9999 -9999 -9999 -226.612568982848 -232.143412168034 -508.148529920549 -806.682638990161 -404.362707750961 -202.734723933153 -217.703749072152 -219.936719846323 -190.340115549889 -178.775772417678 -392.277480386763 -673.280261451616 -392.232127700693 -563.593200666039 -303.489843653771 -196.594588453643 -198.011311580289 -186.267234624053 -156.755451553278 -171.630978945504 -299.755906475336 -159.379237549174 -171.42280220755 -274.802163443118 -889.463619022158 -1427.21943416791 -986.8212720015 -741.133699899808 -517.332187540091 -224.989035764488 -246.741335986474 -225.347951012189 -250.696859461987 -313.507187937225 -287.607877031684 -244.523227812232 -263.402686449534 -356.871891683474 -611.62033040386 -980.159968188077 -1966.13309913877 -2354.91752304722 -2326.80290258686 -2547.89422580523
-9999 -9999 -9999 -277.715801344131 -166.347028241672 -114.19305579676 -245.666058050002 -334.856529877197 -250.78612582112 -213.842678895823 -208.162088210534 -164.914879352802 -139.034796105002 -166.059695914341 -379.996492941224 -974.667111870754 -679.2641365253 -493.546003060879 -375.063003419605 -224.746344078797 -211.889307912035 -219.200295530064 -312.855973554788 -316.278061200232 -191.212834670343 -170.423463411577 -228.404173612994 -284.326099395766 -621.377248850661 -907.088096104546 -596.116570860591 -305.383909513758 -253.059952039386 -217.852996740429 -245.869833921279 -229.444225155218 -313.558635616373 -626.988860092735 -560.550667341751 -377.565862747888 -410.596512438473 -552.423821601238 -1263.4274132846 -1474.05918634431 -1987.81765172994 -2086.05363156898 -1796.11172569252 -2098.67150535293
-9999 -9999 -9999 -335.571473608418 -143.421001491632 -110.2566986128 -110.405351060624 -121.143519797541 -171.637737026922 -212.041309092767 -216.134651304417 -181.751278559618 -176.210833786473 -212.450238514907 -384.565596438608 -1178.81625115558 -1685.86419431396 -1319.07402586696 -711.968142459865 -385.5872041136 -315.619031306716 -283.195873815302 -362.054577459232 -372.418833932286 -241.044551710901 -242.098265472818 -266.628899366284 -244.518441018964 -300.229560265614 -341.616188186926 -261.513991498667 -288.326460737878 -298.768831772037 -198.748377534802 -222.277879671563 -274.622883805903 -360.930138928779 -582.093396884915 -587.732462679693 -517.685045091582 -580.515299227824 -696.279425615982 -1074.28495362987 -1188.72417958099 -1708.90318899737 -2233.41316829653 -1780.55668025957 -1479.70549070118
-9999 -9999 -9999 -390.177461910078 -184.052609542297 -205.633707588717 -290.213166399286 -250.768134773692 -251.984332272775 -609.330348092638 -251.074207768643 -269.661846597047 -416.924103786058 -493.615169618603 -443.88340477567 -727.792544638069 -1968.55660315661 -1988.49304412209 -772.502550246942 -436.579443656671 -365.531184338147 -363.105769017667 -366.327616806003 -312.118264218007 -270.00409633255 -268.096324536917 -271.429389193798 -257.167695688526 -255.127678848537 -261.562053584661 -238.074918354676 -292.930858779541 -325.466579885995 -207.333265139479 -310.950659435443 -516.900407270601 -507.720382241423 -444.397444260105 -463.730985460805 -697.67473886057 -1171.02354064824 -1227.75126520372 -835.171975351271 -796.530880854886 -1243.02875380155 -2081.91928462726 -2049.96603974494 -1472.47770555101
-9999 -9999 -9999 -240.852106635565 -201.608056907013 -214.467728456059 -267.353060633118 -459.952212253018 -763.112064802727 -969.733001500286 -356.952813784477 -456.091449489848 -531.096062329218 -571.754643643089 -526.646746731858 -635.240637904801 -1334.03078934149 -1155.79624228981 -680.122369270567 -510.718417904008 -417.215781962185 -414.808725091227 -394.214444106519 -327.480630508133 -296.080852116071 -277.329881810671 -359.411170779489 -348.671153890857 -212.955492225556 -201.967823620492 -220.635564181539 -223.581925869263 -201.900588607553 -243.58218131187 -343.252140634958 -332.657749307531 -333.716327722221 -360.192609799381 -385.150196583742 -530.31361970581 -1123.46811556165 -1151.22543211572 -827.970317945218 -759.930772887682 -809.63275205375 -1107.64913534976 -1473.6969643723 -1398.92288320557
-9999 -9999 -9999 -209.023083383466 -228.666559956615 -242.800003465519 -356.079590456981 -962.887438428827 -1335.26889826637 -828.836104927247 -435.99080749303 -447.015894282682 -600.938770194129 -655.546191793046 -527.420521657654 -505.746879370446 -836.734494693258 -990.711596316877 -628.895423409536 -480.040990407662 -463.197199830762 -408.296269616819 -345.580581890845 -352.601164004088 -327.157545554809 -340.82371197981 -412.550005280119 -488.264460986299 -415.616775056059 -365.520275426103 -331.114585593415 -255.585578190899 -286.33003833938 -677.263653455252 -637.870689140026 -366.087263248409 -377.046646909444 -380.815840119453 -378.163420269426 -364.218821906606 -345.617559753819 -483.942435221403 -679.396180087399 -715.088635122122 -729.325426564187 -1156.43602080593 -1965.61804154192 -2139.12435561242
-9999 -9999 -9999 -400.611987830469 -363.392625776719 -347.897795462419 -312.306992213569 -382.680732157717 -529.747939058341 -432.528862037686 -476.472235213776 -597.275548470684 -805.213605480639 -743.876513574047 -541.592513155537 -759.652804104632 -1118.13012533729 -876.245774514547 -489.776870870005 -494.910169069863 -556.632002922731 -401.00039583254 -314.492322213629 -283.677901717453 -275.514029091009 -237.893284526433 -361.354172479795 -572.480766763373 -556.502162313397 -595.768400012717 -491.944800057758 -432.584380644978 -624.310596101453 -1072.26019593535 -933.863763323326 -956.354472816682 -737.973711085193 -454.099012368221 -363.201675134561 -293.945004939139 -276.64381105101 -321.42124200347 -578.876737020649 -627.276478507162 -629.291589354063 -1047.48483951488 -1980.07696003829 -2354.25421682816
-9999 -9999 -9999 -726.187211377552 -578.770973818923 -389.690175011241 -255.341922697321 -303.160582112335 -287.515611987156 -357.6697958576 -370.075894526586 -530.206293224251 -707.107923609887 -659.904392222404 -733.240672826657 -2850.23285166787 -4565.79990374099 -1836.77727603868 -584.609702206333 -548.345419590191 -754.431641910272 -426.920747823529 -254.912268956543 -222.877787783685 -178.2231470973 -202.71323026583 -332.085854171068 -429.065679580684 -407.080656916037 -383.339564823064 -355.865102304172 -605.14530205546 -1102.85578178523 -596.27452738791 -585.695042490541 -1269.84451045559 -1385.72337081582 -768.356432399723 -469.058762491812 -372.438289586188 -285.331837455967 -280.073458305602 -426.977302014715 -556.474256418193 -597.577054606536 -746.035622761691 -1208.71677291064 -1876.24569509591
-9999 -9999 -9999 -866.087717082708 -479.662516595153 -278.513298625449 -263.912469716303 -290.086674398215 -208.738864158579 -283.388603349399 -321.11659076539 -360.628362956414 -369.546919903624 -361.292251872408 -778.885982859567 -2890.06503772895 -4685.07968766875 -1830.04897625909 -668.235201645727 -417.815738712001 -391.460643728655 -238.70692230325 -250.059078825448 -286.22848770821 -218.382107935862 -223.522904665589 -280.406541506768 -239.70270654277 -228.230397005432 -304.09319497383 -316.37769220788 -587.6442013439 -905.304186919705 -267.988145797328 -269.265165718018 -600.732334235448 -1166.06116251322 -1069.70082630265 -710.871668307486 -503.240736879707 -307.276403826245 -275.228805197528 -292.632453580216 -348.294753024975 -459.086867435905 -533.687526216455 -567.620363498082 -814.443171642386
-9999 -9999 -9999 -747.953677299876 -293.826846862677 -173.702069268804 -199.22471712854 -223.34912350074 -155.864768025521 -216.949285515792 -234.149407736414 -201.405601235995 -203.882674962068 -280.672728405801 -505.350602797955 -677.219158051296 -1046.67017404958 -538.684626473475 -634.605532163549 -446.414777407957 -193.39222897139 -139.525930415955 -141.116636866693 -171.087507771306 -190.936440566409 -176.850138857828 -193.178607166223 -227.292599413781 -218.469778033399 -456.069316154628 -812.837502290004 -913.158217545415 -489.044832636068 -207.43248715369 -181.287705498085 -308.886858449506 -614.252972309019 -983.78612536495 -802.837742017325 -491.779420244022 -320.330525016876 -275.118612390022 -266.624416328586 -226.811171268095 -268.019235548901 -281.337943432382 -341.885399833404 -488.416406301707
-9999 -9999 -9999 -9999 -9999 -9999 -9999 -9999 -9999 -9999 -9999 -9999 -9999 -9999 -9999 -9999 -9999 -9999 -9999 -9999 -9999 -9999 -9999 -9999 -9999 -9999 -9999 -9999 -9999 -9999 -9999 -9999 -9999 -9999 -9999 -9999 -9999 -9999 -9999 -9999 -9999 -9999 -9999 -9999 -9999 -9999 -9999 -9999
-9999 -9999 -9999 -9999 -9999 -9999 -9999 -9999 -9999 -9999 -9999 -9999 -9999 -9999 -9999 -9999 -9999 -9999 -9999 -9999 -9999 -9999 -9999 -9999 -9999 -9999 -9999 -9999 -9999 -9999 -9999 -9999 -9999 -9999 -9999 -9999 -9999 -9999 -9999 -9999 -9999 -9999 -9999 -9999 -9999 -9999 -9999 -9999
